
power = 2525.1283564028
throughput = 11317.68
composite = 5345.8951258599
